# energy (keV), flux (1/ (keV cm2 s) ) 
0.10286849364638329 , 14.610084828746485
0.10874627530574799 , 9.009727422052288
0.11490559577941895 , 5.6586869590529725
0.12134139984846115 , 3.6466531279972396
0.12804756313562393 , 2.4324365699917254
0.1350148767232895 , 1.6946946989082075
0.1422278806567192 , 1.2428045885810852
0.1496681645512581 , 0.9631373849872994
0.15731031447649002 , 0.7879903603148597
0.16512148827314377 , 0.6768679993128411
0.1730608567595482 , 0.6054653201943948
0.18104448914527893 , 0.5592849920344997
0.1889091283082962 , 0.5296013507643457
0.1965259164571762 , 0.510717869673802
0.20378369092941284 , 0.4989647255611019
0.21055664122104645 , 0.49198087401295376
0.21682702004909515 , 0.48809056062398165
0.22264477610588074 , 0.48617161747788545
0.22805771231651306 , 0.4854997327636055
0.2331068217754364 , 0.4855923577456189
0.2378270924091339 , 0.48612042131912364
0.242249995470047 , 0.48685774041251884
0.24640241265296936 , 0.48764946996651437
0.25030721724033356 , 0.4883913984935362
0.2539861500263214 , 0.48901625636155266
0.25746142864227295 , 0.48948347266801584
0.26076024770736694 , 0.48977114625241214
0.26391085982322693 , 0.48986827497185825
0.26693762838840485 , 0.4897694954107283
0.269861564040184 , 0.48947251458469626
0.27270086109638214 , 0.4889765325135167
0.27547138929367065 , 0.4882812928491587
0.27818696200847626 , 0.48738659711586124
0.28086069226264954 , 0.4862915818134796
0.28350216150283813 , 0.4849959797541637
0.2861221432685852 , 0.48349805354459713
0.28873077034950256 , 0.4817953764495157
0.29133906960487366 , 0.4798834699315943
0.293954074382782 , 0.4777599917636265
0.29658253490924835 , 0.4754223758527873
0.2992367297410965 , 0.4728627321019476
0.3019210249185562 , 0.4700801890708358
0.3046441525220871 , 0.46706991252191626
0.3074169456958771 , 0.4638249333505757
0.3102463632822037 , 0.46034323344697137
0.31314098834991455 , 0.4566223283419759
0.3161095231771469 , 0.452661341911618
0.31916095316410065 , 0.4484614343277295
0.32230451703071594 , 0.4440264387292346
0.3255496174097061 , 0.43936369347151955
0.3289062976837158 , 0.4344840588417794
0.3323826491832733 , 0.4294063670415105
0.33599115908145905 , 0.42414877111313276
0.33974260091781616 , 0.41873816853969814
0.3436441719532013 , 0.41321303893881495
0.3477060794830322 , 0.40761365204006017
0.35193778574466705 , 0.4019869177595229
0.3563479632139206 , 0.396385156619751
0.36094294488430023 , 0.3908659809065539
0.3657277226448059 , 0.38548810978612547
0.3707033544778824 , 0.38031065335341946
0.3758596330881119 , 0.3753951543281203
0.38117583096027374 , 0.3707974974623496
0.3866293877363205 , 0.36655518401866954
0.3921992629766464 , 0.3626844910160163
0.39786703884601593 , 0.36731540605288576
0.4036176800727844 , 0.3560297022150886
0.4094402492046356 , 0.3531965169575231
0.41532786190509796 , 0.35064580581013854
0.42128054797649384 , 0.3483368483563668
0.4273025691509247 , 0.38955275738953454
0.4334031194448471 , 0.4418805266089807
0.4395986795425415 , 0.342470408892314
0.4458964467048645 , 0.3407562101872682
0.45228569209575653 , 0.3391245983841393
0.4587492048740387 , 0.33756188282534194
0.46527138352394104 , 0.3360570567089194
0.4718388020992279 , 0.3346015569004912
0.47844015061855316 , 0.3331889784200404
0.48506709933280945 , 0.33181443614096584
0.4917150139808655 , 0.3304739977401599
0.4983818978071213 , 0.32916451241766137
0.505071222782135 , 0.3278827401518106
0.5117834508419037 , 0.32663678837279875
0.5185221135616302 , 0.38750385439152657
0.5253001749515533 , 0.3754910088551522
0.5321312844753265 , 0.32299137781375703
0.5390332937240601 , 0.32180721909932775
0.5460282862186432 , 0.3206365172865092
0.5531395375728607 , 0.31947217056989907
0.5603947937488556 , 0.31831013036831957
0.567807525396347 , 0.31714893014631923
0.5753739178180695 , 0.31598986411487734
0.5830917954444885 , 0.31483394975163936
0.5909580886363983 , 0.31368223471376666
0.5989701151847839 , 0.3125356414243639
0.6071294546127319 , 0.31139445712424596
0.6154437959194183 , 0.3102581206472749
0.6239229440689087 , 0.309125861074653
0.6325749754905701 , 0.30799721470698826
0.6414018869400024 , 0.30687255905482597
0.6503907144069672 , 0.3057540791653707
0.6595216989517212 , 0.3046446109512819
0.668777585029602 , 0.30354643689792254
0.6781551241874695 , 0.30246003585891806
0.6876612305641174 , 0.3013846791470827
0.6973049342632294 , 0.3003194866378349
0.7070886194705963 , 0.29926435190549555
0.7170032560825348 , 0.29822037010456587
0.7270262539386749 , 0.2971899007092917
0.7371262013912201 , 0.2961759582627306
0.7472708821296692 , 0.2951813383717619
0.7574245035648346 , 0.29420889420171686
0.7675574421882629 , 0.2932606236318142
0.7776454091072083 , 0.29233782194587604
0.7876689434051514 , 0.2914412176887518
0.7976124584674835 , 0.29057110390223156
0.8074680864810944 , 0.28972706447225527
0.8172318041324615 , 0.28890836727332087
0.8269164860248566 , 0.28811294534236825
0.8365579545497894 , 0.28733704047587755
0.8461910486221313 , 0.2865772369580416
0.8558520376682281 , 0.285830263245932
0.8655735850334167 , 0.28509335122823537
0.8753823041915894 , 0.2843643786272538
0.8852999806404114 , 0.28364172407370364
0.8953478634357452 , 0.28292393899537177
0.9055309593677521 , 0.28221080068636956
0.9158385097980499 , 0.2815031797552332
0.9262618124485016 , 0.2808017442324375
0.9367861747741699 , 0.28010751143601414
0.9473861753940582 , 0.2794220822541349
0.9580375552177429 , 0.27874687292281836
0.9687232077121735 , 0.27808273809263695
0.9794236719608307 , 0.27743059537281495
0.99012491106987 , 0.2767909592739185
1.0008158683776855 , 0.2761641147225658
1.011488437652588 , 0.27555015823136547
1.0221379399299622 , 0.2749489610840431
1.0327627658843994 , 0.2743602225462404
1.0433630347251892 , 0.2737835767454069
1.0539472103118896 , 0.273218204960304
1.0645213723182678 , 0.27266347442941263
1.075092375278473 , 0.27211874620353527
1.0856770277023315 , 0.27158291096248266
1.09629225730896 , 0.27105493162908206
1.1069490313529968 , 0.270534113265635
1.117645263671875 , 0.2700204326912868
1.128373384475708 , 0.26951410552498356
1.1391229033470154 , 0.26901547928805564
1.1498919129371643 , 0.2685244773989817
1.160671591758728 , 0.2680413202723489
1.1714523434638977 , 0.2675662501166771
1.1822324395179749 , 0.2670991554822357
1.1930035948753357 , 0.26664018021294855
1.2037603855133057 , 0.26618936150276745
1.214497447013855 , 0.2657467068539901
1.2252098321914673 , 0.26531220473831096
1.2358931303024292 , 0.2648858170576191
1.246543526649475 , 0.2644674788441825
1.2571572065353394 , 0.2640571233300662
1.2677308320999146 , 0.26365466922576053
1.2782614827156067 , 0.2632600096216217
1.2887466549873352 , 0.2628730232668586
1.2991843819618225 , 0.26249359131388816
1.309571087360382 , 0.26212163008085615
1.319900095462799 , 0.26175717378454716
1.3301538228988647 , 0.2614006351190627
1.3403151035308838 , 0.26105237429637623
1.3503899574279785 , 0.2607119467116685
1.3604152202606201 , 0.2603779238819805
1.3704395294189453 , 0.2600485577800453
1.3805022835731506 , 0.25972248926464875
1.3906292915344238 , 0.25939886158532777
1.4008308053016663 , 0.2590773607544136
1.4111050367355347 , 0.2587580520835028
1.421435534954071 , 0.2584414493246653
1.431790828704834 , 0.2581284957826449
1.4421268105506897 , 0.25782046517348
1.452381193637848 , 0.25751908013978775
1.4624789357185364 , 0.2572263576885909
1.4723450541496277 , 0.2569442183801812
1.4819178581237793 , 1.4382025764983057
1.4911811351776123 , 0.4671592868532509
1.500144898891449 , 0.2561697671522339
1.5088146328926086 , 0.2559345499544463
1.5172072649002075 , 0.255709809786333
1.5253449082374573 , 0.2554947760961361
1.5332480072975159 , 0.25528877577380726
1.5409300327301025 , 0.25509135725264553
1.5484015345573425 , 0.2549021923862004
1.5556759238243103 , 0.2547208997433484
1.5628372430801392 , 0.2545454434214037
1.5700716972351074 , 0.2543715128040988
1.577558159828186 , 0.25419537259575237
1.5853803753852844 , 0.2540160065985333
1.5935381054878235 , 0.2538346427175417
1.6020296812057495 , 0.25365289068899044
1.61087965965271 , 0.2534722402856835
1.6201053857803345 , 0.2532949509573244
1.6297052502632141 , 0.2531244183201332
1.6396691799163818 , 0.20096720162318543
1.6499855518341064 , 0.24164361988669195
1.6606404185295105 , 0.2527029260208039
1.6715376377105713 , 0.2526152302485887
1.682489037513733 , 0.25256799229283183
1.6933508515357971 , 0.25256787282361043
1.7040817737579346 , 0.12046188472667714
1.7146878242492676 , 0.25272827887013516
1.7251710295677185 , 0.25289701598131714
1.7355335354804993 , 0.2531291185837948
1.7457873225212097 , 0.2534269881826451
1.7559423446655273 , 0.253791990340414
1.7660112380981445 , 0.2542244783408323
1.7760173678398132 , 0.25472411793850724
1.7859852313995361 , 0.25528951948220074
1.7959373593330383 , 0.25591789020454836
1.8058941960334778 , 0.25660474325147015
1.8158754706382751 , 0.2573437486309635
1.8258988857269287 , 0.25812637498936103
1.8359807133674622 , 0.2589416998499179
1.8461360335350037 , 0.25977631548834623
1.856378972530365 , 0.26061423781021675
1.8667230606079102 , 0.2614369896820484
1.8771752715110779 , 0.26222338418431174
1.8877240419387817 , 0.26294925625417276
1.8983471393585205 , 0.26358944524075195
1.9090240597724915 , 0.26412005572144936
1.9197285771369934 , 0.2645195856708489
1.930428922176361 , 0.26477056609847127
1.9411005973815918 , 0.2648611667501397
1.9517261981964111 , 0.2647854686784693
1.9622945189476013 , 0.26454320225325484
1.9727947115898132 , 0.26413955278107554
1.9832500219345093 , 0.26358253006144944
1.9936631917953491 , 0.2628844521915636
2.0040138959884644 , 0.26206252819054154
2.0143104791641235 , 0.2611347133936331
2.024552822113037 , 0.26012113253539654
2.034742832183838 , 0.25904246606995146
2.044880509376526 , 0.2579196347703326
2.0549498796463013 , 0.2567747039969933
2.0649341344833374 , 0.25562854883103076
2.074824333190918 , 0.2544991610076305
2.084612488746643 , 0.25340190157816694
2.0942941904067993 , 0.25234902004202264
2.103848934173584 , 0.2513516563161316
2.1132301092147827 , 0.2504204411993539
2.122385859489441 , 0.24956299296885195
2.13127064704895 , 0.24878301791987176
2.139867424964905 , 0.2480791671630473
2.1481711864471436 , 0.24744750720209605
2.1561819314956665 , 0.2468829045047968
2.1639151573181152 , 0.24637882436789568
2.171390414237976 , 0.24592869282055008
2.1786407232284546 , 0.24552565998079884
2.1857082843780518 , 0.2451631049476857
2.1926422119140625 , 0.24483495451160714
2.1994889974594116 , 0.24453611931236902
2.2062888145446777 , 0.24426249153087295
2.213080048561096 , 0.2440106384909451
2.219901442527771 , 0.24377757113741216
2.2267911434173584 , 0.2435607625611655
2.2337876558303833 , 0.24335804142787593
2.240931272506714 , 0.24316747221565727
2.24826443195343 , 0.2429873680889856
2.2558324337005615 , 0.2428161788314541
2.2636836767196655 , 0.24265247488659913
2.271870970726013 , 0.24249495241417834
2.2804267406463623 , 0.24234273445556395
2.2893600463867188 , 0.24219532976833924
2.2986830472946167 , 0.24205208030280928
2.308381676673889 , 0.24191258606077934
2.3184075355529785 , 0.2417767784057339
2.328694462776184 , 0.24164463574796108
2.339168906211853 , 0.24151615354957312
2.349767804145813 , 0.24139116660724547
2.3604540824890137 , 0.24126926405982949
2.371216297149658 , 0.24114989918718666
2.382043719291687 , 0.24103263317794762
2.3929202556610107 , 0.24091720098165864
2.4038352966308594 , 0.24080340490278226
2.4147878885269165 , 0.24069098838152675
2.425778865814209 , 0.2405797664962552
2.4368098974227905 , 0.24046958545838515
2.447877049446106 , 0.24036040666123207
2.4589730501174927 , 0.24025220207046522
2.4700928926467896 , 0.24014499773256626
2.4812324047088623 , 0.2400387831843205
2.492390275001526 , 0.2399335359682128
2.5035653114318848 , 0.23982926259565424
2.5147563219070435 , 0.23972593853170493
2.525961756706238 , 0.23962357465212497
2.537179708480835 , 0.23952216882929903
2.548409104347229 , 0.2394217183593601
2.559648036956787 , 0.23932223415927464
2.5708950757980347 , 0.23922371397201272
2.5821484327316284 , 0.2391261522734203
2.593407988548279 , 0.23902955004190732
2.6046725511550903 , 0.23893390722035307
2.6159392595291138 , 0.2388392300968453
2.6272060871124268 , 0.2387455352697785
2.638474941253662 , 0.2386527719153023
2.6497440338134766 , 0.23856095460830753
2.661009669303894 , 0.23847012458449443
2.6722731590270996 , 0.23838022347945112
2.6835328340530396 , 0.23829126418006022
2.6947879791259766 , 0.23820324609977975
2.7060370445251465 , 0.2381161747861281
2.717278838157654 , 0.23803001665899212
2.728513717651367 , 0.23794479918374092
2.73974072933197 , 0.2378604870061819
2.7509583234786987 , 0.23777709123793242
2.7621662616729736 , 0.2376945953528674
2.7733638286590576 , 0.23761299228028376
2.784550428390503 , 0.23753227415002343
2.79572594165802 , 0.23745244813164107
2.806889533996582 , 0.2373734715225587
2.8180408477783203 , 0.23729538378705303
2.829179286956787 , 0.23721812225181796
2.840304374694824 , 0.2371417212549086
2.8514161109924316 , 0.23706615712090276
2.8625141382217407 , 0.2369914085748869
2.8735982179641724 , 0.2369174782190322
2.8846683502197266 , 0.2368443365646768
2.8957239389419556 , 0.23677201334007497
2.9067649841308594 , 0.23670047932687424
2.917792558670044 , 0.23662968039077334
2.928807497024536 , 0.236559663010753
2.93984055519104 , 0.23649019280314837
2.9508392810821533 , 0.23642157085284865
2.961806535720825 , 0.23635381826148605
2.9728009700775146 , 0.23628651118013735
2.9837979078292847 , 0.2362198183796991
2.9948015213012695 , 0.23615374107309742
3.005816102027893 , 0.236088168890169
3.016845941543579 , 0.23602316682018437
3.0278955698013306 , 0.23595860022229193
3.0389702320098877 , 0.23589453752505754
3.050074815750122 , 0.2358308754961284
3.0612140893936157 , 0.2357676188303978
3.0723906755447388 , 0.2357047406536231
3.083594799041748 , 0.2356423032908981
3.0948140621185303 , 0.23558033640372844
3.106044888496399 , 0.2355189293818912
3.117286205291748 , 0.23545798237278498
3.128541111946106 , 0.2353975699153682
3.1398121118545532 , 0.2353376379356777
3.1510961055755615 , 0.23527814074284256
3.1623886823654175 , 0.23521919622469337
3.1736851930618286 , 0.2351607645685997
3.184981346130371 , 0.23510286023739435
3.196274518966675 , 0.23504552727886835
3.20756196975708 , 0.23498870831475388
3.2188411951065063 , 0.23493249683809558
3.2301100492477417 , 0.23487681277764086
3.241365671157837 , 0.23482169965336602
3.252609133720398 , 0.23476716448231721
3.263839602470398 , 0.23471314612818975
3.2750548124313354 , 0.2346597172459142
3.2862555980682373 , 0.23460682853368153
3.29744291305542 , 0.23455444314916254
3.30861759185791 , 0.23450259544901522
3.319780111312866 , 0.23445128318511202
3.3309332132339478 , 0.23440043090607451
3.3420780897140503 , 0.23435005974663412
3.35321581363678 , 0.23430017244015153
3.364348292350769 , 0.23425074297834064
3.3754769563674927 , 0.23420174109664735
3.386602997779846 , 0.23415318289409998
3.397727370262146 , 0.23410503400470883
3.4088521003723145 , 0.23405731445533784
3.419978141784668 , 0.2340099709606733
3.4311060905456543 , 0.23396302943228506
3.442239284515381 , 0.2339164737241189
3.4533761739730835 , 0.23387028611209948
3.4645192623138428 , 0.2338244474552244
3.47567081451416 , 0.23377898530467772
3.4868292808532715 , 0.2337338236422127
3.4979970455169678 , 0.2336890682703885
3.509174942970276 , 0.23364412119788985
3.520364284515381 , 0.23356349215661812
3.531566023826599 , 0.23346047268950265
3.542781114578247 , 0.23335778737091614
3.554009437561035 , 0.23325543468797066
3.5652512311935425 , 0.23315342322094326
3.576512575149536 , 0.23305169306510062
3.5877926349639893 , 0.23295021670834923
3.5990904569625854 , 0.23284903317275615
3.61041259765625 , 0.23274806030038706
3.621756911277771 , 0.23264736060967606
3.6331175565719604 , 0.23254690832845507
3.644489288330078 , 0.23244682275949075
3.655867338180542 , 0.23234705433034558
3.6672476530075073 , 0.3156697865349719
3.678627848625183 , 0.27070397784171385
3.6900064945220947 , 0.2320503339300928
3.7013825178146362 , 0.2319522919127099
3.712756037712097 , 0.2318546245336168
3.7241283655166626 , 0.23175741612434736
3.735501289367676 , 0.23166055659947943
3.7468767166137695 , 0.2315640933811618
3.7582608461380005 , 0.23146794900816328
3.769658923149109 , 0.23137202125338946
3.7810726165771484 , 0.2312763811540034
3.79250168800354 , 0.23118095608008804
3.8039402961730957 , 0.23108584761375014
3.8153825998306274 , 0.23099108385970432
3.826824426651001 , 0.23089664648122332
3.8382601737976074 , 0.23080265276761944
3.849685311317444 , 0.23070907904796564
3.8610960245132446 , 0.23061599497997104
3.872487425804138 , 0.23052336501314827
3.88385546207428 , 0.23043133231989574
3.8951985836029053 , 0.23033976972460715
3.9065182209014893 , 0.2302487537441044
3.9178178310394287 , 0.23015821412095205
3.929102659225464 , 0.23006813474866192
3.9403769969940186 , 0.22997840750518014
3.9516457319259644 , 0.22988905349740923
3.962910294532776 , 0.22980002582186312
3.974176287651062 , 0.22971131520786453
3.985446810722351 , 0.22962281743266547
3.9967206716537476 , 0.22953464469692958
4.0080039501190186 , 0.229446666107788
4.019298076629639 , 0.229358876523471
4.030604600906372 , 0.22927127024303434
4.041921377182007 , 0.22918387345800528
4.053252220153809 , 0.22909665867020243
4.064601182937622 , 0.22900958381321412
4.075961112976074 , 0.22892263558251996
4.087331295013428 , 0.22883599049117995
4.098716974258423 , 0.2287493784569386
4.110116243362427 , 0.22866295085096158
4.121524333953857 , 0.2285767976587718
4.132941007614136 , 0.22849072474631907
4.144365310668945 , 0.22840491014724829
4.155797243118286 , 0.2283192984269955
4.167235612869263 , 0.2282338082629892
4.1786789894104 , 0.22814862744870348
4.190126895904541 , 0.2280635827933657
4.201578378677368 , 0.22797875846752083
4.213032960891724 , 0.2278941686239367
4.224488735198975 , 0.22780975589444957
4.235944509506226 , 0.22772558562074266
4.247400283813477 , 0.22764168213467872
4.258855819702148 , 0.2275579437480224
4.270307540893555 , 0.22747445034989291
4.281754493713379 , 0.22739125206997343
4.293197870254517 , 0.22730819766730237
4.304635047912598 , 0.2272255154394881
4.316064357757568 , 0.2271429705383543
4.327486038208008 , 0.2270607333534328
4.3388988971710205 , 0.2269787946439338
4.350300073623657 , 0.2268970472650273
4.36168909072876 , 0.22681560525831518
4.3730645179748535 , 0.2267344334283714
4.384426116943359 , 0.22665357031979824
4.395772218704224 , 0.22657296171711863
4.4070985317230225 , 0.2264926831920032
4.418403148651123 , 0.22641272189829595
4.429684638977051 , 0.2263330282874112
4.440947532653809 , 0.22625370751345397
4.452199935913086 , 0.22617460166735515
4.463445425033569 , 0.22609565371749019
4.4746904373168945 , 0.22601688543755769
4.485944986343384 , 0.22593817736422322
4.4972083568573 , 0.2258595660069088
4.508483409881592 , 0.225781040851228
4.5197765827178955 , 0.22570309390195326
4.531087398529053 , 0.22562391657879077
4.5424158573150635 , 0.2255454135661323
4.553759813308716 , 0.22546695863564342
4.5651161670684814 , 0.22538839840748523
4.57648229598999 , 0.22531006483065985
4.5878565311431885 , 0.22523166730337943
4.599238395690918 , 0.22515341059489655
4.610626935958862 , 0.22507523741678936
4.622021198272705 , 0.22499702238879826
4.633421182632446 , 0.2249189881771065
4.644829750061035 , 0.2248409618631091
4.656255483627319 , 0.22476290352459485
4.667703866958618 , 0.22468478353742044
4.679171323776245 , 0.2246066679455638
4.690654277801514 , 0.22452855448179737
4.702148675918579 , 0.22445040210931116
4.713650941848755 , 0.2243722350457553
4.725161790847778 , 0.22429421863773222
4.736681222915649 , 0.22421612676394062
4.748209238052368 , 0.22413808766408452
4.759743690490723 , 0.22406007010697984
4.77128267288208 , 0.2239821506409274
4.782826662063599 , 0.2239041479113039
4.7943737506866455 , 0.2238262680018566
4.805922269821167 , 0.22374845630719023
4.817471981048584 , 0.22367060301824837
4.82902193069458 , 0.2235928752192496
4.84057092666626 , 0.22351522245594954
4.852118015289307 , 0.22343757241850426
4.863662958145142 , 0.22335995178851495
4.875204801559448 , 0.22328246608745403
4.8867433071136475 , 0.22320504621313755
4.898277282714844 , 0.22312764127138301
4.909805774688721 , 0.22305026762048424
4.921328783035278 , 0.22297303983520078
4.932846307754517 , 0.22289579146647084
4.9443581104278564 , 0.2228187343438186
4.955862998962402 , 0.22274162526064661
4.967360734939575 , 0.2226645593853941
4.978851556777954 , 0.22258765724721125
4.99033522605896 , 0.22251067767266455
5.001811981201172 , 0.22243384429503466
5.0132811069488525 , 0.2223570779654473
5.024742603302002 , 0.2222802747246899
5.03619909286499 , 0.2222034752942954
5.04765248298645 , 0.22212677660812108
5.059103488922119 , 0.2220500361643103
5.070554971694946 , 0.22197328752292111
5.082002878189087 , 0.22189658206593552
5.093446493148804 , 0.22181979054689102
5.104889154434204 , 0.2217429582203079
5.116327285766602 , 0.22166625823500055
5.127758264541626 , 0.22158951454052958
5.139178037643433 , 0.22151280544614846
5.150581359863281 , 0.22143613152528221
5.161973237991333 , 0.22135944778557717
5.173355579376221 , 0.22128285435115103
5.184730768203735 , 0.221206304541562
5.19610071182251 , 0.22112974688766285
5.207467794418335 , 0.2210529344438031
5.218838930130005 , 0.2209761883070127
5.230210781097412 , 0.22089941813285452
5.24158501625061 , 0.22082241485057713
5.252964735031128 , 0.22074546154117444
5.2643516063690186 , 0.2206683424710419
5.27574610710144 , 0.22059102691125265
5.287148714065552 , 0.2205135465116858
5.298561096191406 , 0.22043607353124844
5.309983253479004 , 0.22035824674936977
5.321414947509766 , 0.2202803089161743
5.332855939865112 , 0.2202024128845435
5.344306707382202 , 0.22012404939325364
5.355767011642456 , 0.22004565571053003
5.367235422134399 , 0.21996719538047188
5.378710508346558 , 0.2198883330901143
5.390190362930298 , 0.21980949937317573
5.40167498588562 , 0.25789025166093676
5.413161754608154 , 0.21965133389816358
5.424649000167847 , 0.21957198260905691
5.436137437820435 , 0.2194925729745392
5.4476258754730225 , 0.21941296952468542
5.459113359451294 , 0.21933320965374142
5.4705986976623535 , 0.2192535893953801
5.4820826053619385 , 0.21917345702435803
5.493564605712891 , 0.21909319615240228
5.505044221878052 , 0.2190131002444259
5.516522407531738 , 0.21893257887426937
5.527998447418213 , 0.2188520728566955
5.539472579956055 , 0.21877121042844455
5.55094838142395 , 0.21869033231214563
5.562420606613159 , 0.2186093113072532
5.573893308639526 , 0.21852813762069703
5.58536958694458 , 0.21844653281723883
5.5968451499938965 , 0.21836519709378038
5.608323812484741 , 0.2182830387378172
5.619806528091431 , 0.21820111552751048
5.631295204162598 , 0.21811855248166212
5.642791271209717 , 0.21803623865584926
5.654296398162842 , 0.21795330668100493
5.665809392929077 , 0.21786997010932135
5.677327871322632 , 0.21778673428501807
5.688851833343506 , 0.21770315047437666
5.700378894805908 , 0.2176192827713811
5.711907386779785 , 0.2175349963452276
5.723436594009399 , 0.21745056628204798
5.734964370727539 , 0.2173660488050259
5.74648904800415 , 0.2172810493470291
5.758009433746338 , 0.21719616059270197
5.769523859024048 , 0.21711081230114038
5.7810304164886475 , 0.21702545255909025
5.792527675628662 , 0.21693953075447414
5.804013729095459 , 0.21685399388278354
5.815487384796143 , 0.2167677492147562
5.826946496963501 , 0.2166815691531576
5.838387489318848 , 0.2165954021804285
5.84980583190918 , 0.21650874269594977
5.86120343208313 , 0.21642234930630472
5.872580051422119 , 0.2163358207455494
5.883929967880249 , 0.2675746509360677
5.8952507972717285 , 0.289451466303776
5.906540393829346 , 0.2160750919931713
5.917795181274414 , 0.21598847306359367
5.9290125370025635 , 0.21590131834332915
5.940190076828003 , 0.21581410646806265
5.951323509216309 , 0.2157275135106042
5.9624104499816895 , 0.21564084100954237
5.973447799682617 , 0.21555409068293296
5.984431743621826 , 0.2154670124733877
5.995359420776367 , 0.21538109662814786
6.006230592727661 , 0.21529437257150852
6.017040014266968 , 0.2152083035552756
6.027781248092651 , 0.21512271178832518
6.038458824157715 , 0.21503666149894646
6.049070835113525 , 0.21495144339954347
6.059612035751343 , 0.2148657793804085
6.070083141326904 , 0.21478117129156674
6.080482721328735 , 0.2146962216444519
6.09080958366394 , 0.2146121988671089
6.101064443588257 , 0.21452793830918732
6.111246824264526 , 0.21444394918923984
6.121354818344116 , 0.21436056883545712
6.1313841342926025 , 0.2142775545479016
6.14133095741272 , 0.2141947042115164
6.151192665100098 , 0.21411236439130568
6.160966157913208 , 0.21403065656284015
6.17064905166626 , 0.21394928153980564
6.180239677429199 , 0.21386802262251506
6.189737319946289 , 0.21378784463455225
6.199141502380371 , 0.21370817976883466
6.2084527015686035 , 0.2136284851007608
6.217670679092407 , 0.2135496525690432
6.226797103881836 , 0.21347159083448194
6.235835075378418 , 0.21339398893383837
6.244785785675049 , 0.213317439143688
6.253648281097412 , 0.21324425992240134
6.2624289989471436 , 0.2131777958665279
6.271133184432983 , 0.21313164378314858
6.279759883880615 , 0.2131352170692032
6.28831672668457 , 0.21325746958085004
6.296806335449219 , 0.2136346920798594
6.305234909057617 , 0.21452027449498579
6.3136022090911865 , 0.21633252000826092
6.321911811828613 , 0.21969738936109157
6.3301756381988525 , 0.22544031795994107
6.338395833969116 , 0.23448726796604508
6.346578598022461 , 0.2476538245180489
6.3547282218933105 , 0.26533137911556226
6.362851142883301 , 0.28714150851281456
6.370954275131226 , 0.31168208853475937
6.379043340682983 , 0.3365056686706046
6.387123107910156 , 0.35842734104921475
6.395198106765747 , 0.3741649240405519
6.403275728225708 , 0.3811185859706044
6.411361455917358 , 0.37805488433075496
6.419457912445068 , 0.36546540001802014
6.427569627761841 , 0.34543411782015565
6.435700416564941 , 0.32108086843113387
6.4438581466674805 , 0.2957529302100763
6.452047824859619 , 0.27230757136610134
6.460269927978516 , 0.25264168902299156
6.468529939651489 , 0.23753096743626145
6.476833343505859 , 0.2268359737485602
6.485183238983154 , 0.3788683483312587
6.493584871292114 , 0.21558119801250655
6.502041339874268 , 0.21317217883383485
6.510555744171143 , 0.21188904203164907
6.519134283065796 , 0.21123248310124274
6.527778387069702 , 0.21089676360399776
6.536492109298706 , 0.21070936731797485
6.545278072357178 , 0.2105857223489214
6.554138660430908 , 0.210486779206128
6.563077211380005 , 0.2103955783930424
6.572095155715942 , 0.21030725567480946
6.5811944007873535 , 0.21021732332785026
6.59037709236145 , 0.21012746609208421
6.599643707275391 , 0.21003666947634853
6.608993768692017 , 0.20994434631602057
6.618429899215698 , 0.20985112674537681
6.627951145172119 , 0.2097569115116049
6.637558460235596 , 0.20966159743675206
6.647254705429077 , 0.20956484096343875
6.657039165496826 , 0.20946682387912505
6.666912794113159 , 0.209367818367808
6.676876544952393 , 0.20926756673714217
6.686925888061523 , 0.20916631914927392
6.697068452835083 , 0.20906357542199674
6.707304000854492 , 0.20895993033276294
6.717623710632324 , 0.20885436029376792
6.728027582168579 , 0.20874910595479695
6.738513231277466 , 0.20864127043697397
6.7490808963775635 , 0.20853294545032278
6.759727954864502 , 0.20842379389217425
6.770449876785278 , 0.208312842456665
6.781244516372681 , 0.2082015947133719
6.792108058929443 , 0.20808882515455338
6.803036451339722 , 0.20797556060946068
6.814026832580566 , 0.20786072528337432
6.825074672698975 , 0.207746413749905
6.836175918579102 , 0.20762982464118077
6.847326040267944 , 0.20751334163356033
6.858522176742554 , 0.20739573850598206
6.869762182235718 , 0.2072778847605068
6.8810436725616455 , 0.20715848891981747
6.892364025115967 , 0.2070403622210335
6.903721809387207 , 0.2069200138058248
6.915116786956787 , 0.20679965579115403
6.926546812057495 , 0.2066789003024821
6.938006401062012 , 0.2065576729528112
6.949491024017334 , 0.3466043190086992
6.960998058319092 , 0.25151283390980683
6.9725258350372314 , 0.20619169566625384
6.98407244682312 , 0.20607006755226887
6.995633602142334 , 0.20594743275913802
7.0072102546691895 , 0.20582426254235336
7.018799543380737 , 0.2057024551566939
7.030396938323975 , 0.2055794050130188
7.042002201080322 , 0.20545635897025608
7.053614139556885 , 0.32903319038108175
7.065232038497925 , 0.20521180974905393
7.076854944229126 , 0.20508901427955872
7.088481187820435 , 0.2049674596608406
7.100108623504639 , 0.20484574688273405
7.111738443374634 , 0.20472376024576974
7.123370409011841 , 0.2046029785614978
7.135003328323364 , 0.2044819387418164
7.146636247634888 , 0.2043615912684952
7.158268928527832 , 0.20424139472968378
7.169901371002197 , 0.2041212506290237
7.181532859802246 , 0.20400264921970576
7.1931633949279785 , 0.20388454336839104
7.204793214797974 , 0.2037657626683957
7.21642279624939 , 0.2036493270312623
7.228051424026489 , 0.20353189461588894
7.239678382873535 , 0.20341649961894748
7.25130558013916 , 0.20330129539096087
7.26293158531189 , 0.20318679556658684
7.274556398391724 , 0.20307273321242023
7.286181688308716 , 0.20296019212279295
7.297807216644287 , 0.20284870328057136
7.3094329833984375 , 0.20273835122092435
7.321058988571167 , 0.2026277437881003
7.332686185836792 , 0.2025185491093397
7.344314098358154 , 0.2024115365125411
7.355942964553833 , 0.20230410713752878
7.367572069168091 , 0.202199214019461
7.379202604293823 , 0.20209503493127356
7.390836477279663 , 0.20199168945589774
7.402472496032715 , 0.20189028868067865
7.41411018371582 , 0.20178903110306312
7.425750017166138 , 0.20169077219139686
7.437392950057983 , 0.2015923184019271
7.449038505554199 , 0.2014964923434072
7.460688829421997 , 0.2014021587977838
7.472339868545532 , 0.20130797890651872
7.483996868133545 , 0.627816138721623
7.495660781860352 , 0.20112726302653508
7.507326126098633 , 0.20103855480061997
7.5189971923828125 , 0.20095218928044103
7.530672550201416 , 0.2008672086677128
7.542353630065918 , 0.20078537495635385
7.554039716720581 , 0.20070356291033445
7.565731048583984 , 0.20062417473432043
7.577428817749023 , 0.20054715051137273
7.589133977890015 , 0.2004547370393246
7.600846767425537 , 0.2003235996674119
7.612565040588379 , 0.2001909814279982
7.624291181564331 , 0.20006083308876138
7.636030435562134 , 0.19993314593272987
7.64777135848999 , 0.19980752946338326
7.659515857696533 , 0.19968493438135732
7.671274662017822 , 0.19956572370019734
7.683042526245117 , 0.19944706683218136
7.694819688796997 , 0.19933250254138973
7.706606388092041 , 0.19921987652102205
7.718404054641724 , 0.19911020999450882
7.7302117347717285 , 0.19900287596192545
7.742029190063477 , 0.19889898568894437
7.7538580894470215 , 0.19879628719897832
7.7656989097595215 , 0.19869825457225015
7.777551174163818 , 0.19860176110857944
7.789416074752808 , 0.19850812214666008
7.801293134689331 , 0.19841744526258068
7.813182830810547 , 0.19833013756902776
7.825085878372192 , 0.19824431009956528
7.837002992630005 , 0.19816286101841862
7.848934888839722 , 0.19808190902006786
7.860880136489868 , 0.19800653048561256
7.872840881347656 , 0.19793225730973604
7.884817361831665 , 0.1978609661922129
7.896809101104736 , 0.19779146548819085
7.9088170528411865 , 0.19772724174858586
7.920841693878174 , 0.19766402350138318
7.932882785797119 , 0.19760393821705524
7.944940805435181 , 0.19754540438706825
7.957017660140991 , 0.1974912699653844
7.96911358833313 , 0.1974390967195541
7.98122763633728 , 0.19738825352183176
7.993361234664917 , 0.19734191252776587
8.005514860153198 , 0.1972956274727062
8.017688751220703 , 0.19725400557431705
8.02988338470459 , 0.19721464410062917
8.042099475860596 , 0.1971748981908401
8.05433702468872 , 0.2917985524117752
8.066596031188965 , 0.34735634249785324
8.078878402709961 , 0.19707390851289797
8.091180324554443 , 0.19704453219251328
8.103506565093994 , 0.19701694562569264
8.11585521697998 , 0.19698938249968045
8.128220558166504 , 0.19696523273665195
8.140608310699463 , 0.1969405796401357
8.153019428253174 , 0.19691904133442512
8.16545057296753 , 0.19689831979538108
8.177899837493896 , 0.19687890360178892
8.190369606018066 , 0.19685945588708212
8.202857494354248 , 0.2723663233416572
8.215364933013916 , 0.19682169794941284
8.227887153625488 , 0.19680549217161747
8.240423202514648 , 0.1967870621854909
8.252978324890137 , 0.19676970265500515
8.265548706054688 , 0.1967515272528189
8.278133392333984 , 0.19673165466372775
8.290734767913818 , 0.19671518043313424
8.303360939025879 , 0.19669318679614742
8.315998077392578 , 0.1966725410142068
8.328636169433594 , 0.19665103341647835
8.341293334960938 , 0.19662466833830033
8.353972434997559 , 0.19660063918949772
8.366669178009033 , 0.19656983668795944
8.379383087158203 , 0.19653976690568842
8.392112731933594 , 0.1965062901513236
8.404860019683838 , 0.19646940541268718
8.41762638092041 , 0.1964302769392294
8.430408954620361 , 0.19638382041368466
8.443203926086426 , 0.19633820830982926
8.456015586853027 , 0.19628500178665775
8.468848705291748 , 0.19622850451046603
8.481704711914062 , 0.19616695863887257
8.494585514068604 , 0.19609988977746434
8.507493019104004 , 0.1960263466703304
8.520428657531738 , 0.19594901070327037
8.533392429351807 , 0.19586070153423107
8.546385765075684 , 0.19577159304499794
8.559405326843262 , 0.1956689239963252
8.572452545166016 , 0.19556418076987814
8.58552598953247 , 0.19544893760299858
8.598623275756836 , 0.19532419136565235
8.611745834350586 , 0.19519282817367836
8.62489128112793 , 0.5701618785378011
8.638059616088867 , 0.3149822607641459
8.651250839233398 , 0.19473787386011324
8.664467334747314 , 0.19456716072836466
8.677713394165039 , 0.19438094557688487
8.69098949432373 , 0.19418904899462244
8.704282760620117 , 0.19398401869533077
8.717625617980957 , 0.19376393249383797
8.73101806640625 , 0.19353338654285804
8.744431018829346 , 0.19328593824188367
8.757878303527832 , 0.19302930201164933
8.771357536315918 , 0.19275649966206093
8.784865379333496 , 0.19246869204795855
8.798399448394775 , 0.19216689550084223
8.811958312988281 , 0.19184939625163738
8.825541019439697 , 0.19151336842911862
8.83914566040039 , 0.1911659381565753
8.852770805358887 , 0.19079795169174676
8.866416454315186 , 0.1904143303967588
8.880082607269287 , 0.19001394690474455
8.893772602081299 , 0.18959502666129502
8.907487392425537 , 0.1891597319510595
8.92123031616211 , 0.18870068250485017
8.935005187988281 , 0.18822790262805864
8.948811531066895 , 0.18773095339594803
8.96265172958374 , 0.18721519154273356
8.976527690887451 , 0.18668032475009844
8.990439891815186 , 0.18612450110343137
9.004404544830322 , 0.18554073622228934
9.018403053283691 , 0.18494365581255262
9.032409191131592 , 0.18431753705510415
9.046464920043945 , 0.18367389602307005
9.060559272766113 , 0.18300121766891578
9.074681282043457 , 0.18231270939975577
9.088851928710938 , 0.18159379482201213
9.103060245513916 , 0.18085429818215737
9.117310047149658 , 0.18008782435171963
9.13160228729248 , 0.1792983887003156
9.145934104919434 , 0.17848088196502218
9.16030216217041 , 0.17763774075628927
9.174707412719727 , 0.17677257407547264
9.189208984375 , 0.17587461670969584
9.203689098358154 , 0.17495791797748875
9.218148231506348 , 0.1740134392117362
9.232703685760498 , 0.173041477485085
9.247296333312988 , 0.1720417856965891
9.26192569732666 , 0.1710178715516099
9.27659559249878 , 0.16996217123103136
9.29130744934082 , 0.16888251325279585
9.306058406829834 , 0.167770508178143
9.32085132598877 , 0.1666368589695292
9.335686206817627 , 0.1654721527734877
9.350558757781982 , 0.16427858546527035
9.36547040939331 , 0.1630605772425721
9.380420207977295 , 0.16181181691658633
9.395407676696777 , 0.16053568906597934
9.410431861877441 , 0.15923067160875662
9.425491333007812 , 0.15790085859868938
9.440588474273682 , 0.15654252472145203
9.45572566986084 , 0.15515330895696824
9.470902919769287 , 0.1537428527142519
9.486121654510498 , 0.15229656867131666
9.50138521194458 , 0.15082589820031075
9.516692161560059 , 0.14932820378453543
9.532041549682617 , 0.14780148400718313
9.547438144683838 , 0.1462462307788956
9.562883853912354 , 0.18729221961128284
9.578379154205322 , 0.14872231401482813
9.593925952911377 , 0.1414129714657777
9.60952615737915 , 0.13974044127804264
9.625182151794434 , 0.13804527978603176
9.640894412994385 , 0.1363212502301299
9.656662940979004 , 0.13456954959070336
9.6724853515625 , 0.1327861384101339
9.688357830047607 , 0.1309763990173275
9.704288005828857 , 0.12914206005554932
9.720272541046143 , 0.1272731998230211
9.736300945281982 , 0.12538794241949075
9.752375602722168 , 0.12346970157893786
9.768497467041016 , 0.12152449784276709
9.784664630889893 , 0.11955749481327087
9.800877094268799 , 0.11756486288187806
9.817138195037842 , 0.11554356986707683
9.833452701568604 , 0.11350209548033939
9.849824905395508 , 0.11142751151156792
9.866255760192871 , 0.10932980825753268
9.8827486038208 , 0.10720212352339963
9.899303913116455 , 0.10505370273466542
9.915915489196777 , 0.10287695303177413
9.93257761001587 , 0.10066894060055136
9.949289321899414 , 0.0984461375501377
9.966050624847412 , 0.09619450250270856
9.982861518859863 , 0.09391940983961526
9.999726295471191 , 0.09161762422209152
10.016653537750244 , 0.08929088407238411
10.03365707397461 , 0.08693914158017345
10.050737380981445 , 0.08455408740812312
10.067887306213379 , 0.08214388158873728
10.085112571716309 , 0.07970296395885956
10.102418899536133 , 0.07723938477614412
10.119811058044434 , 0.07474306506868131
10.137296199798584 , 0.07221601998190545
10.154874801635742 , 0.06965007304538433
10.172546863555908 , 0.06706390002342301
10.190313339233398 , 0.06444049552037369
10.208173751831055 , 0.061782675513407104
10.226126670837402 , 0.059100243172243765
10.244176864624023 , 0.056373736409788655
10.26232385635376 , 0.053615317276886114
10.28056287765503 , 0.050828491652654455
10.29889726638794 , 0.04799499117887737
10.317327976226807 , 0.045143493666967405
10.335855960845947 , 0.042243722302003114
10.354480743408203 , 0.039310579762092276
10.373200416564941 , 0.036334924065651676
10.392014503479004 , 0.03332788343062558
10.41092824935913 , 0.0302692859465183
10.429940700531006 , 0.027187495019623784
10.449047088623047 , 0.02406061118626752
10.468250274658203 , 0.020868811565603117
10.487553596496582 , 0.017662621604750017
10.506954193115234 , 0.01440907413439337
10.526450634002686 , 0.011085261757423397
10.546045780181885 , 0.00773591293282033
10.56574010848999 , 0.004338087476431232
10.585532665252686 , 0.0008845592045601199
10.60542345046997 , -0.0026129913208884892
10.625413417816162 , -0.00617656262458337
10.645501613616943 , -0.00978553129414475
10.665690898895264 , -0.013449982928779232
10.685978412628174 , -0.017168764460158
10.706363677978516 , -0.020944433863842208
10.726850509643555 , -0.024794336244633973
10.747436046600342 , -0.028686528774621158
10.76812219619751 , -0.03266048924347392
10.788909435272217 , -0.03668655984827794
10.809796810150146 , -0.04080155407434529
10.830784320831299 , -0.04495405730267351
10.851871967315674 , -0.049211954752293834
10.873062133789062 , -0.05352400671359165
10.894352912902832 , -0.057920632036554606
10.915743827819824 , -0.062385157903788784
10.937237739562988 , -0.06694674908631039
10.958831787109375 , -0.07158749561551993
10.980527400970459 , -0.07631274354508592
11.002326965332031 , -0.081114841763506
11.02423095703125 , -0.08602379847121469
11.0462327003479 , -0.09102748527008481
11.068333625793457 , -0.09611967143571543
11.090542316436768 , -0.10131769580838154
11.112853527069092 , -0.10660927258688478
11.135268211364746 , -0.11202247947804017
11.157784461975098 , -0.11752989261160196
11.180403232574463 , -0.12315344555191303
11.203129768371582 , -0.1288946488629498
11.22596025466919 , -0.134739549529736
11.248891830444336 , -0.1407326478922576
11.271928787231445 , -0.14684216639659894
11.295073986053467 , -0.15305967747856022
11.318318843841553 , -0.15943190962497364
11.34166669845581 , -0.1659443653256341
11.365123748779297 , -0.17256918808706417
11.388684749603271 , -0.17938030670641095
11.412352561950684 , -0.18628454429325794
11.436127185821533 , -0.19339540466151964
11.460007667541504 , -0.2006369289894143
11.48399543762207 , -0.2080201866701345
11.508089065551758 , -0.2156178586221683
11.532290935516357 , -0.2233342073465177
11.556602478027344 , -0.2312706645974809
11.581021785736084 , -0.2393449396917001
11.605548858642578 , -0.24762482680162878
11.6301851272583 , -0.25611183380979763
11.654932498931885 , -0.26477121695943917
11.679789066314697 , -0.2736351178591059
11.704754829406738 , -0.28270214427851686
11.729832649230957 , -0.2919674547110823
11.755022048950195 , -0.30151020832025016
11.780323505401611 , -0.3111949470579042
11.80573844909668 , -0.32118723964073675
11.831266403198242 , -0.3313604521979001
11.856907367706299 , -0.34180879095614497
11.88266372680664 , -0.35250506411280524
11.908538818359375 , -0.36345073110005843
11.93453073501587 , -0.3746520556968764
11.960635662078857 , -0.38616941145105815
11.986858367919922 , -0.3979323369335081
